100
1 73 35 92 
2 60 88 
3 96 98 17 
4 32 53 71 
5 26 8 58 33 34 
6 24 4 18 93 97 
7 66 78 48 
8 7 35 2 42 85 
9 29 66 
10 58 85 1 57 
11 89 73 1 71 27 
12 34 23 
13 88 48 72 98 89 
14 34 71 68 
15 61 50 7 
16 77 
17 83 86 15 
18 1 31 50 33 10 
19 70 57 63 
20 76 
21 47 32 78 100 
22 59 98 
23 18 
24 45 15 
25 64 58 36 40 16 
26 10 
27 16 
28 84 
29 62 13 84 13 12 
30 81 45 26 
31 7 89 
32 34 
33 84 
34 93 
35 80 46 32 28 50 
36 14 
37 46 71 55 21 
38 47 73 34 35 99 
39 78 60 
40 19 6 35 51 77 
41 52 44 
42 43 36 
43 77 14 21 96 
44 18 22 42 
45 46 
46 3 
47 56 59 71 85 49 
48 45 99 68 
49 2 93 42 
50 21 80 96 89 
51 36 
52 37 20 8 22 82 
53 68 46 68 23 
54 81 31 64 92 
55 82 80 
56 84 
57 55 38 
58 62 21 20 16 42 
59 46 30 
60 26 45 35 28 37 
61 58 62 85 
62 78 50 23 99 
63 7 
64 41 32 55 36 38 
65 31 71 42 87 
66 46 64 47 19 
67 74 37 9 1 
68 11 71 23 
69 87 84 98 17 55 
70 35 97 98 75 68 
71 20 56 
72 87 
73 6 
74 40 51 66 5 
75 8 34 42 
76 12 
77 62 55 89 5 78 
78 3 32 
79 77 
80 15 19 
81 13 
82 34 37 17 49 26 
83 39 4 
84 13 33 50 83 34 
85 83 48 71 
86 48 
87 36 
88 70 83 54 1 17 
89 46 20 
90 95 34 24 66 
91 92 
92 21 
93 47 
94 42 
95 14 44 99 36 
96 2 62 
97 64 56 27 94 
98 46 33 35 
99 28 31 39 60 89 
100 17 81 32 16 11 
