50
6
37 17 46 0 30 44 
52
10
49 8 33 16 26 35 40 13 3 29 
33
4
29 12 1 8 
93
10
1 33 39 24 17 3 17 0 21 42 
91
3
33 46 29 
85
1
28 
28
9
37 0 35 13 23 17 11 47 44 
48
8
49 45 39 17 35 34 8 30 
50
1
32 
77
7
42 43 7 27 0 15 25 
33
1
21 
69
6
31 35 38 29 23 16 
78
10
38 29 49 20 9 20 22 7 42 32 
58
4
20 7 40 4 
49
2
27 42 
74
7
6 42 6 5 39 40 22 
26
3
3 45 17 
34
5
42 43 47 19 40 
45
4
14 25 10 6 
33
5
36 27 10 44 23 
73
4
17 50 48 39 
60
2
9 2 
35
6
38 28 26 21 43 21 
36
1
38 
13
3
48 23 8 
22
5
20 23 7 1 37 
56
6
36 42 24 39 22 50 
67
10
0 47 21 44 10 40 48 45 45 18 
99
4
10 3 11 41 
2
7
23 34 11 34 41 15 32 
54
10
15 41 40 4 42 2 27 18 4 31 
21
2
7 21 
30
5
15 45 12 22 17 
28
4
8 29 31 42 
63
8
25 11 50 17 3 50 20 15 
55
4
19 11 15 35 
41
9
21 23 32 23 9 29 37 18 4 
0
6
5 36 11 37 44 42 
98
2
28 45 
34
10
49 37 34 25 9 28 12 43 20 2 
73
4
37 25 33 2 
77
1
17 
41
10
6 44 31 27 44 2 39 33 1 16 
74
8
15 7 9 7 6 50 17 18 
17
5
12 48 19 1 22 
12
4
25 42 16 39 
83
5
36 32 24 33 17 
74
7
41 27 0 8 15 23 9 
78
10
17 12 33 35 46 33 10 50 23 30 
41
8
6 22 50 18 2 0 31 36 
64
