100
57
1 0 1 0 1 1 1 1 1 0 1 0 1 1 1 0 0 1 0 0 1 0 0 0 1 1 0 1 1 0 0 0 0 0 0 1 1 0 1 1 1 1 0 1 0 1 1 0 1 0 0 0 0 1 1 0 1 
98
1 1 0 1 1 0 1 0 0 1 1 1 1 1 0 1 0 0 0 0 0 0 1 1 1 1 1 1 0 0 1 1 1 1 1 0 0 0 0 0 1 1 1 0 0 0 1 0 0 0 1 1 1 1 0 1 0 0 1 1 0 0 0 0 1 0 0 0 1 1 1 0 1 0 0 0 0 0 0 0 0 1 1 0 1 0 1 0 0 1 1 1 1 0 0 0 0 1 
77
1 1 0 1 0 0 0 1 0 0 1 0 0 0 0 0 0 0 0 1 1 1 1 1 0 1 0 1 1 1 0 1 0 1 0 1 1 1 1 0 1 0 0 0 0 1 0 1 0 1 0 1 1 0 1 1 1 0 1 1 0 1 0 1 0 0 1 0 0 0 0 0 0 0 1 0 0 
35
0 0 0 1 1 1 1 1 0 0 1 0 0 1 0 0 1 0 0 0 0 1 0 1 0 0 1 0 0 1 1 0 0 0 1 
11
1 0 1 1 1 1 0 1 1 0 1 
98
1 1 1 0 1 0 1 0 0 1 0 1 1 1 0 1 0 0 0 1 0 1 1 1 1 0 1 1 0 0 1 1 0 0 0 0 0 1 0 0 0 0 0 1 0 0 0 0 0 0 1 0 1 1 0 1 1 0 1 0 1 1 1 1 0 0 0 0 0 1 1 0 0 1 1 1 1 0 1 0 1 0 1 0 0 1 0 0 0 1 1 1 1 0 1 1 0 0 
35
1 1 0 0 0 1 1 0 0 1 0 0 0 1 1 0 0 1 0 1 0 0 0 1 0 0 0 1 0 0 0 0 0 0 1 
100
1 0 1 0 1 0 0 1 1 0 1 0 1 0 0 0 1 0 1 1 1 1 1 1 0 1 1 0 0 1 0 1 1 0 1 1 0 1 1 1 1 1 0 1 0 0 1 0 0 1 1 1 1 1 0 1 1 1 0 1 0 0 0 0 0 0 1 1 1 1 1 1 0 1 0 1 1 1 0 0 1 0 0 0 0 1 1 0 1 0 0 0 0 1 0 0 1 0 1 0 
59
0 0 0 0 1 0 0 1 1 1 1 1 1 0 0 1 1 1 0 1 1 0 0 0 0 0 1 1 1 1 1 0 0 1 1 0 1 0 0 1 1 0 0 1 1 0 0 0 0 1 1 1 1 0 1 1 1 1 1 
52
0 0 1 1 0 1 0 0 1 1 0 0 1 0 1 1 0 0 1 1 1 1 1 0 0 1 0 0 0 0 0 1 1 0 0 1 1 1 0 0 0 0 0 0 0 0 1 0 0 1 1 0 
82
1 0 0 0 1 0 0 0 0 1 0 0 0 0 1 1 0 1 0 0 0 0 1 0 1 1 0 1 0 1 1 1 0 0 1 1 0 0 0 0 0 0 0 0 1 1 1 0 0 0 1 0 1 0 0 0 0 0 0 1 0 0 1 1 0 0 1 0 0 0 1 0 0 0 0 1 0 0 1 1 1 1 
25
1 1 0 0 0 1 0 0 0 1 1 1 1 0 1 0 1 1 0 1 0 1 0 1 1 
66
0 0 1 0 0 0 1 1 0 1 0 0 1 0 1 0 1 1 0 1 1 1 1 0 1 0 0 1 0 0 0 0 1 1 1 0 0 0 1 1 1 0 0 1 0 0 0 1 0 1 0 0 0 1 1 1 1 0 0 1 1 0 0 1 0 1 
4
1 1 0 1 
38
1 1 0 1 1 1 1 1 1 1 0 1 0 1 1 0 0 1 0 0 0 1 0 1 0 0 0 0 0 1 1 0 0 1 1 1 1 0 
52
0 1 1 1 1 0 1 0 1 1 0 1 0 1 1 0 0 1 0 1 1 1 0 0 1 0 0 0 0 0 1 1 1 1 0 0 0 1 0 0 1 0 0 0 0 1 0 1 0 0 1 0 
51
0 0 0 0 1 1 0 0 0 0 1 1 1 1 1 1 1 1 0 0 1 1 1 1 0 0 1 0 0 0 0 1 1 0 1 1 0 0 0 0 1 0 0 0 0 1 0 1 1 1 0 
9
1 1 1 1 1 0 0 1 1 
50
1 1 1 0 0 1 1 1 1 0 1 1 1 0 0 0 1 1 1 0 0 0 1 1 1 1 0 1 0 1 0 0 0 0 0 1 1 0 0 1 1 0 0 0 0 0 1 1 1 0 
84
1 0 1 1 0 0 0 1 1 1 0 0 1 0 1 1 0 0 0 1 1 1 0 1 0 0 1 0 1 1 1 1 1 1 1 1 1 0 1 1 0 0 0 0 0 0 1 0 1 1 0 0 1 1 0 0 0 1 1 1 0 0 1 0 1 0 0 1 1 0 0 0 0 0 0 1 0 1 0 1 0 0 0 0 
37
1 1 0 1 0 0 1 1 1 1 0 1 0 1 1 0 1 0 0 0 0 0 0 1 0 1 0 1 0 1 0 1 1 1 0 1 1 
73
0 0 0 1 1 1 1 1 1 0 0 1 1 1 0 0 1 0 0 0 1 1 1 1 1 0 0 1 1 0 1 1 1 1 1 1 1 1 1 1 1 0 1 1 1 0 1 0 1 0 1 1 1 0 1 0 1 0 1 0 1 1 0 1 1 0 1 0 0 0 0 1 1 
28
0 0 1 0 1 1 1 0 1 1 0 0 1 1 0 1 1 0 0 1 1 0 1 0 0 1 1 1 
99
0 1 0 1 0 1 0 0 1 0 0 0 0 0 0 1 0 1 1 1 0 1 0 0 0 0 0 1 1 0 0 1 1 1 1 0 0 0 1 1 0 0 0 0 1 0 0 1 0 0 0 1 0 1 1 1 0 1 1 1 0 0 1 0 0 0 1 0 0 0 1 0 0 1 1 1 1 1 1 0 1 0 0 0 1 0 1 0 1 0 0 0 1 0 1 1 1 0 1 
13
0 0 0 1 1 0 1 1 1 0 1 0 1 
77
1 0 1 1 0 0 0 1 0 1 0 0 0 1 1 1 1 1 0 0 1 1 1 0 0 0 1 1 0 1 0 1 0 1 0 1 0 0 0 1 0 0 0 1 0 0 1 1 0 0 1 1 1 1 0 0 0 1 1 1 0 0 0 1 0 1 1 1 0 0 1 0 0 0 0 0 0 
56
0 0 0 1 0 0 1 1 0 0 0 0 1 1 0 0 0 0 0 0 1 0 1 0 0 1 0 1 1 1 1 1 0 0 0 0 1 0 0 0 1 1 0 0 0 1 0 0 0 0 0 0 1 0 1 0 
15
1 0 1 1 1 0 1 0 1 0 1 1 0 0 0 
47
1 1 1 1 1 0 1 1 0 0 0 0 1 0 1 1 1 0 0 1 0 1 0 1 1 1 1 1 1 1 0 0 1 0 0 0 0 1 1 1 0 0 0 0 1 0 0 
59
0 1 1 0 0 0 1 1 1 1 0 1 1 0 1 1 0 1 1 1 0 1 1 0 1 1 0 1 1 1 1 1 0 1 1 1 0 0 1 1 1 0 1 0 0 1 0 0 0 1 1 0 0 1 1 1 0 1 1 
73
0 1 0 0 1 0 0 0 0 0 1 1 1 0 0 0 1 1 1 0 1 0 0 0 1 1 1 1 0 0 1 0 0 0 0 1 0 1 1 0 0 1 1 1 0 0 0 0 1 1 1 1 1 1 1 0 1 1 0 0 0 1 1 1 1 0 1 0 1 0 1 0 1 
50
1 1 1 1 0 0 1 0 0 1 0 0 1 0 0 0 1 1 1 1 0 0 1 1 1 1 0 0 1 0 1 0 0 1 0 1 0 1 1 0 1 1 0 1 1 0 0 0 0 0 
89
1 1 0 1 0 0 0 1 0 1 0 0 0 1 0 0 1 1 0 1 0 0 0 1 0 1 0 1 1 1 1 1 0 0 0 1 0 0 0 1 1 1 0 0 0 1 0 0 1 1 1 0 0 0 1 0 1 0 0 0 1 1 0 1 0 0 0 1 0 0 0 1 1 0 0 1 0 0 0 0 1 1 1 0 0 1 1 1 0 
18
0 1 0 0 1 1 1 0 1 1 0 0 1 1 0 0 1 1 
48
0 0 0 1 0 1 1 0 0 0 0 0 1 1 1 0 0 1 0 1 0 0 0 1 1 0 0 0 0 0 1 1 1 1 1 1 1 1 0 1 0 0 1 1 0 0 1 1 
39
1 0 0 0 1 0 0 1 1 0 1 0 0 0 0 0 1 1 1 1 1 1 0 1 0 1 1 1 1 0 1 0 0 1 1 0 1 1 1 
62
1 1 0 1 0 1 1 1 1 0 0 0 0 0 1 0 1 0 1 0 1 1 0 0 1 0 1 0 1 1 1 0 0 0 0 1 0 1 1 1 1 0 1 1 0 1 0 0 0 0 1 1 0 0 0 0 0 1 1 0 0 1 
77
0 1 1 0 0 1 0 0 0 1 0 1 0 0 0 1 1 0 0 1 1 0 1 0 0 0 0 1 1 1 0 0 0 0 1 1 1 0 0 0 0 1 1 0 1 1 1 0 1 1 1 0 1 0 0 0 0 1 0 0 1 1 1 1 1 0 1 0 0 1 0 0 0 0 1 1 0 
71
0 1 1 1 0 1 1 0 0 1 0 0 1 0 0 1 1 0 0 1 1 1 1 1 1 1 0 0 1 0 1 1 1 0 1 1 0 0 1 0 1 0 1 1 0 0 0 0 1 1 0 0 1 1 0 0 1 0 1 0 0 1 1 1 1 1 1 0 1 0 0 
48
0 0 0 0 0 0 1 0 1 1 0 0 1 1 0 0 0 1 1 1 1 1 0 1 1 0 0 1 0 1 1 0 1 1 0 1 1 0 1 1 0 1 0 0 1 0 1 0 
44
0 1 0 1 0 0 0 1 0 0 0 0 1 0 0 1 0 0 0 1 1 0 0 1 1 0 1 1 0 0 1 0 0 1 1 0 0 1 1 1 0 1 0 0 
48
0 0 0 0 1 1 1 0 0 1 0 0 0 1 1 0 0 0 0 1 1 0 1 0 1 0 1 1 1 1 0 0 1 1 0 0 1 1 1 1 1 0 1 1 1 0 1 0 
60
0 0 1 0 1 1 1 1 1 1 1 1 1 1 0 0 1 1 1 0 0 0 0 1 0 1 1 1 1 1 1 1 1 0 1 1 0 1 1 1 0 0 0 0 1 0 1 1 0 1 0 0 0 1 0 1 0 0 0 0 
37
0 0 1 1 0 0 0 0 0 1 0 0 1 0 0 0 0 1 1 1 1 0 0 1 0 0 1 1 0 0 0 0 1 1 0 1 0 
36
1 0 1 1 0 0 0 0 1 1 1 0 1 1 1 1 1 1 0 0 0 1 1 1 0 1 1 0 1 0 0 1 0 0 0 0 
72
1 1 0 1 0 0 1 1 1 1 0 0 0 1 0 1 0 1 1 1 1 1 1 1 1 0 1 1 0 0 0 1 0 0 1 0 0 1 0 0 0 0 0 1 0 0 0 0 1 1 0 0 1 1 0 0 0 0 0 1 0 0 1 0 0 0 1 0 0 1 0 1 
88
1 0 0 1 1 1 1 0 0 1 0 0 0 0 0 1 1 1 0 1 0 0 1 0 1 0 0 0 0 1 1 1 1 0 0 1 0 1 1 1 0 1 1 0 1 1 0 0 0 0 1 0 1 0 1 1 0 0 1 1 0 1 1 0 1 0 1 0 1 0 0 0 0 0 1 0 0 1 0 0 1 1 1 1 1 0 1 0 
91
1 1 0 0 0 1 1 0 1 1 0 0 0 0 1 1 1 1 1 1 0 0 1 0 0 1 1 0 0 0 0 1 1 1 0 1 0 1 0 1 0 1 1 0 0 1 1 1 0 0 1 0 0 1 1 0 0 1 1 1 0 1 1 0 0 1 1 0 1 1 1 0 0 0 0 1 1 1 0 1 0 1 1 0 1 0 1 1 0 0 1 
23
0 1 1 1 1 0 0 1 1 1 1 1 0 1 1 0 1 1 0 1 0 0 0 
87
0 0 0 0 0 0 1 1 1 1 0 1 0 0 1 0 0 0 0 1 1 0 1 1 1 1 1 0 1 1 0 0 0 0 0 0 0 0 0 1 0 1 1 0 1 0 0 1 1 1 0 1 1 1 1 1 0 1 0 1 1 1 0 1 1 0 0 1 1 1 0 1 0 0 0 0 0 0 1 1 1 0 1 1 1 1 1 
18
1 0 0 0 0 1 1 0 1 0 0 0 1 0 1 1 0 0 
46
1 1 1 0 0 1 0 1 1 1 0 1 0 0 1 0 0 1 1 1 1 1 1 0 0 1 1 1 1 1 0 1 0 1 0 1 0 0 0 0 0 0 0 0 1 0 
29
1 1 0 0 0 0 0 1 1 0 1 0 0 1 1 1 0 0 0 1 0 0 1 0 1 1 1 1 1 
8
1 1 1 0 1 0 0 0 
93
0 0 0 0 0 0 0 1 0 0 0 1 0 1 1 1 1 0 1 1 1 1 1 0 1 1 0 1 1 0 0 0 0 0 1 1 1 0 1 1 1 0 0 1 0 0 1 0 0 1 1 0 0 0 1 1 1 1 0 0 0 0 0 0 0 0 1 1 1 0 0 1 1 1 1 1 0 1 1 1 0 0 0 1 1 0 0 1 0 0 1 1 1 
48
0 0 1 0 1 1 0 1 0 0 0 0 0 1 0 0 1 1 1 1 1 0 0 0 1 0 0 1 1 0 0 0 1 1 1 0 1 0 1 0 1 1 1 1 0 0 1 0 
8
1 0 0 1 0 0 0 0 
4
1 0 1 1 
77
1 1 0 0 1 0 0 0 0 0 1 0 0 0 0 0 1 1 0 0 0 1 0 0 0 0 0 0 0 0 0 1 1 0 1 0 1 1 0 0 0 0 1 0 1 1 1 1 0 1 1 1 1 1 0 0 0 0 1 1 0 0 0 0 0 0 0 1 0 0 1 1 1 1 1 0 0 
33
0 0 0 0 1 0 1 1 1 1 1 0 0 1 1 0 1 0 0 0 0 0 0 1 0 0 0 0 0 0 0 1 1 
98
1 1 0 1 1 0 0 0 0 1 0 0 1 0 1 0 1 1 1 0 1 0 0 1 1 1 1 0 0 0 0 0 1 0 0 1 0 0 0 0 1 1 1 1 1 1 0 0 1 0 1 0 1 1 1 1 0 1 1 0 0 0 1 0 1 1 0 1 0 0 1 0 1 1 1 1 0 0 0 0 1 0 0 1 0 1 1 0 0 0 1 1 1 1 1 1 0 0 
33
1 1 0 1 1 0 0 0 1 1 0 1 1 1 1 1 1 1 0 1 1 1 1 0 1 1 0 1 0 1 1 0 0 
16
0 1 0 0 1 0 0 1 1 1 0 1 1 1 1 1 
77
0 1 1 1 1 0 1 1 0 1 1 0 1 0 0 0 0 1 0 1 0 0 0 0 0 1 0 1 0 0 1 0 0 1 0 1 1 1 1 1 1 1 1 0 0 1 0 1 1 0 0 1 1 1 0 0 0 1 0 0 1 1 0 0 0 1 0 0 0 0 0 1 1 0 0 0 1 
30
0 0 1 0 1 1 1 0 1 1 0 1 0 1 0 0 0 0 0 0 0 0 0 0 0 1 1 0 0 1 
6
1 0 0 0 0 1 
58
0 1 0 1 0 0 1 0 0 1 0 0 0 1 1 1 1 1 0 0 0 1 0 0 0 1 0 1 0 1 0 1 0 0 1 1 0 1 1 1 1 0 1 1 1 0 1 1 1 1 1 0 1 1 0 0 0 0 
89
1 1 1 0 0 0 1 1 1 1 1 1 1 0 0 1 1 0 0 0 1 0 0 1 0 1 0 1 0 0 0 0 1 0 1 1 1 0 0 1 1 0 0 1 1 1 1 0 0 0 1 1 1 0 0 1 0 0 1 1 1 1 0 0 1 1 0 0 1 0 0 1 0 0 1 0 0 0 0 1 0 0 0 0 0 0 1 1 1 
78
1 1 0 0 1 1 1 1 1 0 1 1 0 1 1 1 1 0 0 1 0 1 0 1 0 0 1 0 1 1 0 0 1 0 1 0 1 1 1 0 1 1 1 1 1 1 1 0 1 0 1 1 0 0 1 1 1 0 0 0 1 1 1 1 0 1 1 0 1 1 0 1 1 1 0 0 1 1 
28
1 1 1 0 1 1 0 1 1 1 0 1 0 0 0 0 1 1 1 0 1 0 1 0 1 0 1 1 
8
0 0 1 1 1 1 1 1 
63
1 1 1 1 1 1 1 0 0 1 1 1 0 0 0 0 0 0 0 0 1 0 0 0 0 0 0 0 1 0 0 1 0 1 0 0 1 0 1 1 1 0 0 0 1 1 1 1 0 1 0 1 1 1 1 1 0 1 0 0 1 1 1 
13
1 1 0 1 0 0 0 0 1 1 0 1 0 
97
1 0 1 1 0 1 1 1 1 1 0 0 0 0 1 0 1 0 1 0 0 0 0 0 0 0 1 0 1 1 1 0 0 0 1 0 1 0 1 1 1 1 1 0 1 0 0 1 0 0 1 1 1 1 0 1 1 1 0 1 0 0 0 1 1 0 0 0 0 0 0 0 0 1 1 1 1 1 1 0 0 0 0 0 0 1 1 0 1 0 0 1 1 1 0 0 0 
1
1 
28
1 1 0 1 0 1 1 1 1 1 1 1 1 0 1 0 1 0 1 0 1 0 1 1 1 0 1 0 
91
0 1 1 1 1 1 0 0 0 0 0 0 0 0 1 1 0 1 1 1 1 0 0 1 1 0 1 0 1 1 0 1 0 0 1 1 0 0 0 0 1 0 0 0 1 0 1 0 0 0 1 1 1 0 0 1 1 1 0 0 0 0 1 1 1 1 0 0 1 0 0 1 1 0 1 1 1 0 0 1 0 1 0 1 0 0 0 1 1 0 1 
64
1 0 0 1 0 1 1 0 1 0 1 1 1 0 0 0 1 0 1 1 1 1 0 0 1 0 1 1 0 0 1 1 1 0 1 1 0 0 0 0 1 1 0 1 0 1 1 1 0 0 0 1 0 0 0 0 0 1 1 1 1 0 1 1 
8
0 0 0 1 1 1 0 1 
1
1 
57
1 1 1 0 1 1 0 1 0 0 0 1 0 0 1 0 1 1 0 1 0 0 1 0 0 1 1 1 0 1 0 0 1 1 1 1 1 0 1 1 0 1 1 0 1 1 1 0 0 1 1 1 1 0 0 0 1 
48
0 1 0 0 0 1 1 1 0 1 0 1 0 0 0 1 1 0 0 0 1 0 1 0 0 1 0 1 1 0 0 0 0 0 1 0 1 0 0 0 1 0 0 0 0 0 0 1 
71
0 0 1 0 0 1 0 1 0 0 0 0 1 0 1 1 0 0 1 0 0 1 0 0 0 0 1 0 1 0 1 1 0 0 1 0 1 0 0 1 0 1 1 0 1 1 1 1 1 0 0 1 0 0 1 1 1 0 1 0 1 1 1 0 0 1 1 0 1 0 0 
50
0 1 0 0 0 0 1 1 1 0 0 1 1 0 0 0 1 0 0 0 0 0 1 0 1 1 1 0 1 0 0 0 1 0 0 1 1 0 1 1 0 0 1 1 1 1 0 1 0 1 
100
0 1 1 1 1 1 1 0 0 1 0 1 1 1 0 0 0 0 0 0 1 0 1 0 0 0 0 1 1 1 1 0 1 1 1 0 1 1 0 0 0 0 0 1 0 1 0 0 0 0 0 0 1 1 1 1 1 1 1 0 1 1 1 0 1 0 0 1 1 0 0 0 0 0 0 1 0 0 0 0 1 1 0 1 1 1 1 0 0 1 1 0 1 1 0 0 1 0 1 1 
7
0 0 1 0 1 1 1 
60
1 0 0 1 0 0 1 0 0 0 1 1 1 0 1 0 0 1 0 1 1 1 0 1 1 0 1 1 0 1 1 0 0 1 1 1 1 1 1 1 1 0 1 1 0 0 0 0 1 0 1 1 1 1 1 1 1 0 0 0 
94
0 1 0 1 1 1 0 0 1 1 1 1 1 1 1 0 1 1 1 1 1 0 1 1 1 0 1 1 1 0 1 0 1 1 0 1 0 0 1 1 1 1 1 1 0 0 1 1 1 1 0 1 0 0 1 0 0 0 0 0 1 0 0 1 1 1 1 0 0 1 1 0 1 0 0 0 1 1 1 0 0 1 1 0 0 0 0 1 1 1 1 1 1 0 
95
0 0 1 1 1 1 1 0 0 0 1 0 0 1 0 1 1 1 1 0 1 1 1 1 1 1 0 1 0 1 1 0 1 0 0 1 1 0 0 0 1 0 1 0 1 0 0 1 0 0 0 0 0 0 0 1 0 1 0 0 1 0 0 0 0 1 1 1 1 1 0 1 1 1 1 0 1 1 0 1 0 0 1 1 0 0 1 0 1 0 1 0 0 1 0 
28
1 0 0 1 0 1 0 0 0 0 0 1 1 1 0 0 1 0 0 1 1 1 1 1 1 1 0 0 
88
0 0 0 1 1 1 0 1 1 1 1 1 1 0 0 0 0 1 0 1 0 1 1 1 1 0 1 1 0 0 0 0 1 1 0 0 0 0 0 1 0 1 0 0 0 1 1 0 0 0 0 1 0 1 0 1 1 0 0 0 1 0 1 1 0 1 1 0 0 0 1 1 0 1 1 0 1 0 1 0 1 0 1 1 0 0 1 0 
35
0 1 1 1 1 0 0 1 1 1 0 0 1 0 1 0 1 1 0 1 1 0 0 0 0 1 1 0 0 0 0 0 0 0 1 
41
0 0 1 0 1 1 1 1 0 0 1 1 0 1 1 0 0 1 0 1 1 1 0 0 1 0 0 0 0 1 1 1 1 1 0 0 0 0 1 0 0 
66
0 0 1 0 1 1 1 0 1 0 0 0 1 0 0 1 1 0 0 0 1 0 0 1 0 1 1 0 1 0 1 1 1 1 1 0 0 1 0 1 1 1 1 0 1 0 1 0 0 1 0 1 0 0 0 0 1 0 1 0 0 0 1 0 1 1 
20
1 1 1 1 1 0 1 1 0 0 1 1 0 1 0 0 0 1 1 1 
38
1 1 1 0 0 0 1 0 0 1 1 0 1 0 0 0 0 1 1 0 1 0 0 0 1 1 1 1 0 1 1 0 1 0 1 0 0 0 
38
1 0 0 1 0 1 1 0 0 1 1 0 1 0 1 1 0 1 1 1 1 1 1 0 0 0 1 1 0 1 0 0 1 1 0 0 1 0 
25
1 1 0 1 0 1 1 1 0 1 1 0 0 1 1 0 1 1 1 0 1 0 1 0 1 
51
1 0 1 0 1 0 1 0 1 0 0 0 1 0 1 1 0 0 1 1 1 0 0 1 1 1 0 1 1 0 1 1 1 1 0 1 1 0 1 0 1 0 0 0 1 1 1 0 0 1 0 
56
0 0 1 0 1 0 0 0 0 0 0 1 0 0 1 1 1 0 1 1 1 1 1 1 0 0 1 0 0 1 1 0 0 1 1 0 0 0 0 1 0 1 0 1 1 0 1 0 0 1 0 0 1 0 1 1 
