100
57
453 -304 831 -988 189 744 31 919 951 -661 323 -366 57 403 577 -490 -852 149 -340 -324 168 -524 -939 -656 858 933 -961 307 559 -44 -328 -868 -315 -973 -170 683 815 -434 303 841 141 697 -985 121 -426 779 459 -998 405 -476 -94 -324 -553 869 745 -44 435 
98
771 536 -327 406 343 -667 211 -4 -867 294 537 330 654 703 -711 66 -996 -388 -12 -344 -806 -173 385 124 250 393 510 152 -76 -361 555 989 503 165 953 -205 -644 -182 -101 -715 671 267 152 -289 -201 -693 584 -805 -16 -695 85 676 479 239 -750 679 -742 -769 532 606 -115 -485 -584 -868 776 -305 -321 -11 677 688 849 -238 596 -98 -366 -444 -1 -605 -730 -342 -91 417 93 -594 764 -73 452 -324 -307 970 909 542 196 -739 -640 -890 -300 7 
77
106 28 -139 706 -153 -281 -851 529 -732 -593 913 -80 -659 -560 -162 -209 -93 -720 -953 470 118 171 412 682 -38 535 -114 980 342 828 -961 847 -162 751 -591 581 910 780 797 -292 977 -266 -606 -854 -563 638 -949 356 -90 350 -548 358 614 -388 272 75 827 -400 623 589 -807 663 -890 91 -255 -829 238 -583 -611 -687 -165 -400 -83 -410 772 -496 -111 
35
-441 -274 -666 145 225 683 249 544 -6 -551 966 -319 -875 964 -185 -379 93 -293 -248 -552 -385 405 -178 734 -156 -96 278 -67 -626 144 470 -263 -823 -993 125 
11
414 -558 478 727 666 959 -677 99 768 -310 921 
98
490 357 20 -620 110 -510 723 -208 -893 448 -205 470 19 314 -904 526 -849 -321 -175 995 -761 763 228 86 765 -914 553 303 -942 -365 483 533 -383 -703 -629 -714 -756 979 -331 -278 -663 -29 -494 919 -234 -929 -124 -752 -349 -9 651 -336 530 656 -44 413 286 -52 300 -299 474 385 644 72 -990 -667 -399 -86 -609 550 887 -333 -526 315 391 831 296 -598 986 -78 186 -172 557 -727 -136 965 -290 -895 -978 222 441 270 108 -475 875 135 -96 -353 
35
62 964 -445 -387 -239 199 768 -624 -674 619 -366 -698 -799 684 558 -200 -285 880 -432 718 -71 -348 -393 537 -862 -76 -390 493 -376 -967 -62 -578 -153 -330 62 
100
422 -752 769 -855 76 -315 -439 63 622 -985 607 -412 984 -272 -400 -641 375 -787 817 281 184 946 272 404 -887 695 922 -954 -949 677 -967 18 83 -583 508 631 -917 40 888 499 804 108 -474 797 -148 -808 883 -615 -321 631 868 315 896 163 -269 423 363 746 -89 149 -334 -664 -835 -138 -725 -312 814 147 8 842 335 189 -365 803 -11 574 347 244 -512 -770 530 -632 -715 -403 -963 638 212 -972 707 -31 -769 -720 -585 758 -693 -126 404 -860 282 -222 
59
-922 -470 -351 -418 234 -978 -440 185 121 523 970 317 8 -520 -465 233 330 84 -77 165 102 -450 -572 -70 -173 -45 584 758 58 460 787 -253 -629 23 190 -253 871 -901 -806 741 308 -671 -814 136 238 -763 -768 -903 -112 468 952 655 55 -159 998 984 324 821 656 
52
-690 -749 218 493 -713 490 -92 -241 744 924 -292 -892 875 -832 506 367 -275 -680 484 30 140 400 432 -979 -339 111 -493 -830 -544 -787 -685 894 326 -983 -996 994 820 677 -871 -563 -676 -897 -701 -390 -691 -164 185 -393 -724 368 302 -452 
82
214 -10 -582 -642 319 -938 -532 -445 -679 999 -654 -885 -16 -740 746 78 -575 757 -589 -964 -603 -808 333 -885 174 68 -132 471 -509 773 313 883 -524 -593 639 164 -171 -301 -663 -361 -891 -427 -929 -409 829 983 375 -732 -614 -469 860 -844 468 -888 -391 -853 -839 -948 -377 672 -557 -660 152 820 -192 -743 25 -602 -295 -141 99 -990 -91 -225 -226 524 -989 -499 600 125 765 829 
25
358 855 -407 -636 -987 935 -695 -727 -435 460 876 773 919 -738 644 -702 966 56 -649 229 -200 234 -167 659 297 
66
-983 -13 424 -208 -624 -942 213 893 -199 744 -994 -646 722 -41 895 -705 840 299 -538 501 235 795 258 -398 630 -649 -577 113 -806 -9 -631 -968 732 731 134 -207 -483 -49 360 504 740 -510 -358 636 -914 -832 -359 975 -801 963 -317 -37 -765 744 111 145 222 -88 -157 692 10 -430 -459 4 -468 238 
4
911 908 -731 597 
38
204 680 -421 46 698 996 255 486 105 553 -956 519 -179 127 812 -386 -478 388 -236 -530 -244 186 -956 57 -659 -226 -745 -50 -162 801 685 -227 -470 614 548 511 655 -165 
52
-285 11 409 958 775 -238 390 -601 461 258 -504 793 -606 122 201 -117 -426 84 -444 299 497 168 -782 -694 653 -829 -142 -457 -719 -189 674 323 460 278 -514 -456 -688 257 -557 -814 499 -938 -481 -48 -316 577 -599 426 -574 -745 144 -228 
51
-965 -697 -2 -504 481 980 -267 -981 -988 -488 169 839 869 718 687 995 730 465 -934 -741 857 975 974 16 -333 -33 802 -160 -809 -695 -45 875 179 -464 219 206 -750 -871 -80 -431 357 -340 -395 -151 -174 449 -551 355 983 347 -542 
9
949 419 221 708 418 -916 -1000 93 652 
50
373 396 674 -613 -557 267 314 933 38 -813 128 406 483 -338 -276 -255 762 288 550 -637 -167 -31 642 226 518 401 -581 262 -259 548 -465 -244 -255 -778 -569 636 225 -465 -61 355 741 -374 -440 -810 -609 -628 284 281 207 -338 
84
637 -312 974 827 -117 -778 -521 781 747 645 -319 -420 407 -170 715 968 -483 -841 -970 781 153 269 -546 73 -731 -349 332 -630 797 589 591 20 621 731 485 650 754 -532 940 194 -660 -524 -616 -120 -334 -623 3 -849 351 94 -981 -484 671 519 -776 -905 -282 26 927 151 -613 -457 161 -798 173 -325 -833 915 557 -10 -445 -65 -526 -815 -7 40 -181 772 -850 425 -130 -123 -508 -206 
37
31 767 -352 919 -811 -774 562 315 692 416 -122 620 -235 420 225 -627 370 -916 -152 -483 -59 -241 -35 932 -610 798 -44 508 -214 965 -63 547 117 187 -651 937 375 
73
-570 -294 -256 327 841 270 17 980 340 -939 -134 788 490 109 -46 -749 265 -788 -933 -35 608 628 4 914 987 -90 -400 152 682 -164 196 916 164 938 403 37 539 299 474 329 195 -371 607 919 755 -288 259 -731 108 -707 765 893 294 -982 998 -778 373 -739 850 -75 224 926 -477 296 364 -330 689 -781 -205 -870 -694 351 765 
28
-872 -410 877 -735 184 899 217 -846 106 227 -633 -767 358 103 -22 895 798 -712 -982 689 456 -272 439 -654 -363 730 917 544 
99
-420 406 -68 743 -571 938 -315 -470 278 -621 -622 -231 -460 -531 -373 887 -790 310 817 98 -139 142 -261 -319 -874 -20 -353 513 198 -455 -620 398 930 79 627 -382 -734 -461 725 302 -959 -990 -843 -573 216 -608 -891 33 -519 -166 -895 232 -826 373 191 310 -119 874 752 66 -598 -63 308 -535 -284 -694 956 -524 -844 -408 396 -124 -33 555 674 798 329 327 643 -351 767 -965 -691 -705 299 -128 786 -990 314 -94 -156 -271 38 -211 260 82 967 -542 189 
13
-81 -400 -354 443 171 -210 144 579 724 -679 12 -647 191 
77
783 -926 320 243 -368 -804 -231 550 -174 33 -398 -246 -885 170 385 936 641 831 -327 -122 68 229 415 -765 -41 -731 818 220 -673 109 -93 884 -677 627 -495 884 -819 -954 -110 741 -913 -252 -638 399 -221 -532 559 104 -479 -473 905 381 702 467 -72 -248 -866 720 639 576 -500 -950 -302 56 -15 702 223 906 -227 -117 969 -317 -844 -460 -484 -961 -995 
56
-56 -557 -644 827 -948 -53 765 769 -556 -632 -197 -948 426 682 -974 -230 -414 -189 -795 -919 777 -855 906 -431 -801 961 -221 447 291 110 480 672 -652 -782 -77 -552 609 -497 -855 -656 526 870 -514 -405 -146 473 -159 -156 -573 -779 -505 -175 224 -380 571 -95 
15
676 -994 334 419 276 -30 292 -416 557 -627 77 973 -35 -401 -715 
47
27 289 580 3 217 -453 397 819 -171 -202 -457 -471 889 -767 318 842 412 -889 -129 989 -623 173 -783 753 213 77 930 202 991 287 -857 -801 208 -197 -953 -474 -507 366 163 234 -476 -598 -492 -940 98 -875 -231 
59
-279 661 739 -215 -622 -263 183 244 639 735 -687 879 428 -807 105 399 -672 968 750 536 -348 826 352 -68 998 670 -575 327 798 859 749 747 -826 548 959 785 -844 -970 50 398 963 -549 186 -474 -3 324 -544 -682 -101 320 740 -523 -629 541 196 533 -783 662 558 
73
-558 212 -483 -352 172 -735 -657 -760 -341 -857 351 77 943 -338 -355 -149 465 56 291 -205 4 -978 -316 -237 862 815 326 933 -172 -165 15 -254 -387 -228 -764 648 -492 517 684 -972 -890 783 256 219 -804 -467 -933 -502 26 536 47 512 623 835 31 -250 922 595 -820 -848 -256 290 105 665 885 -113 564 -147 81 -622 436 -908 405 
50
164 872 775 809 -501 -986 657 -863 -707 782 -586 -163 538 -634 -266 -123 175 787 475 473 -951 -294 646 118 680 84 -159 -590 625 -382 442 -180 -762 520 -409 845 -74 223 16 -739 166 662 -567 176 258 -402 -805 -422 -487 -76 
89
62 765 -927 178 -266 -526 -225 985 -334 337 -447 -993 -674 555 -780 -828 794 860 -814 102 -395 -768 -126 859 -309 115 -764 952 137 575 719 669 -368 -778 -247 976 -390 -716 -129 175 128 4 -605 -525 -214 147 -514 -209 574 898 196 -21 -397 -375 941 -579 295 -593 -224 -627 105 99 -417 755 -662 -48 -456 419 -940 -907 -121 862 688 -701 -210 390 -934 -947 -535 -849 176 981 875 -572 -424 951 928 632 -811 
18
-932 484 -223 -796 997 51 170 -779 427 1 -621 -540 355 452 -835 -308 894 163 
48
-808 -566 -391 808 -831 999 602 -652 -7 -611 -266 -205 168 514 972 -898 -614 145 -663 183 -134 -663 -425 960 311 -326 -323 -41 -813 -410 833 966 735 341 225 457 68 535 -990 267 -977 -620 54 621 -977 -230 335 850 
39
122 -486 -705 -391 526 -423 -275 569 369 -75 70 -589 -362 -647 -376 -577 571 86 158 792 11 383 -567 475 -624 624 56 522 191 -490 393 -963 -563 381 462 -713 844 905 138 
62
203 854 -748 423 -14 20 358 459 504 -932 -706 -69 -258 -775 863 -336 685 -496 475 -110 719 673 -399 -223 704 -372 106 -885 825 312 494 -582 -381 -897 -429 333 -729 572 951 40 347 -743 409 12 -688 116 -772 -780 -59 -600 582 659 -318 -453 -981 -265 -544 748 952 -40 -380 213 
77
-824 478 657 -525 -443 971 -172 -799 -231 298 -826 217 -433 -704 -771 184 112 -332 -479 478 24 -315 648 -641 -225 -659 -487 736 685 547 -679 -443 -935 -476 608 731 686 -451 -148 -933 -643 957 815 -947 557 641 208 -71 556 480 495 -109 307 -63 -940 -433 -490 842 -452 -222 134 592 183 112 902 -657 432 -187 -529 77 -136 -413 -167 -430 655 54 -719 
71
-863 368 824 921 -469 861 162 -291 -707 632 -337 -302 465 -162 -362 646 943 -355 -766 277 232 434 773 22 132 116 -293 -615 579 -461 699 546 590 -942 656 958 -761 -861 165 -634 408 -234 832 684 -289 -745 -264 -779 310 295 -497 -578 714 674 -272 -714 286 -551 717 -974 -531 664 168 224 265 761 886 -251 802 -56 -629 
48
-339 -552 -639 -562 -371 -607 17 -653 869 50 -722 -404 177 53 -836 -501 -222 340 533 137 264 765 -56 686 406 -40 -987 633 -100 731 218 -900 133 122 -435 294 403 -103 299 378 -401 351 -522 -281 317 -938 114 -657 
44
-887 548 -990 530 -139 -696 -605 568 -783 -199 -60 -519 755 -605 -117 510 -520 -358 -647 386 22 -450 -694 267 159 -927 40 735 -917 -492 770 -183 -449 150 966 -452 -59 411 337 56 -482 264 -87 -755 
48
-586 -657 -439 -291 921 118 934 -344 -803 274 -353 -967 -656 22 807 -863 -494 -685 -623 275 872 -949 150 -508 431 -538 535 862 819 890 -777 -378 75 462 -663 -814 816 930 346 542 230 -286 61 172 476 -738 838 -464 
60
-810 -122 611 -706 602 665 384 64 353 840 471 22 382 178 -332 -499 40 477 286 -618 -867 -16 -353 810 -475 317 190 402 702 203 124 636 776 -985 746 944 -377 762 403 593 -53 -191 -228 -859 335 -513 880 655 -130 852 -315 -390 -279 52 -934 703 -295 -818 -595 -721 
37
-43 -168 611 732 -884 -304 -118 -603 -938 16 -808 -25 291 -454 -719 -654 -853 553 33 119 364 -4 -247 228 -986 -809 869 745 -329 -782 -77 -821 366 417 -831 25 -203 
36
362 -321 617 20 -906 -224 -656 -769 699 485 617 -372 857 267 876 700 814 19 -482 -8 -604 566 293 619 -482 90 872 -87 349 -141 -441 689 -762 -232 -845 -560 
72
681 936 -769 678 -358 -381 317 337 118 494 -973 -979 -832 58 -553 772 -288 828 632 218 71 788 845 712 444 -61 975 943 -558 -364 -664 334 -449 -575 172 -100 -906 867 -460 -558 -129 -652 -49 249 -520 -19 -305 -444 410 858 -954 -122 723 270 -829 -98 -505 -482 -422 406 -677 -452 686 -65 -529 -378 926 -871 -46 949 -191 316 
88
211 -137 -578 252 958 144 76 -371 -376 488 -452 -109 -79 -737 -990 33 860 551 -665 695 -434 -95 957 -162 198 -717 -198 -469 -776 238 18 761 706 -597 -374 48 -3 73 276 684 -553 814 915 -690 664 179 -968 -669 -498 -470 713 -931 725 -297 951 286 -353 -863 543 231 -723 522 603 -485 116 -246 580 -835 143 -179 -393 -957 -79 -606 480 -953 -537 335 -805 -510 394 817 530 875 148 -156 216 -552 
91
718 281 -572 -411 -509 163 146 -110 764 130 -973 -258 -214 -158 589 47 931 67 655 529 -565 -606 638 -261 -991 161 284 -951 -703 -858 -777 515 548 154 -535 41 -264 818 -665 334 -502 275 466 -47 -973 770 597 957 -592 -369 786 -446 -125 276 510 -583 -73 935 527 78 -584 634 997 -211 -57 702 138 -266 740 527 109 -203 -688 -875 -2 450 922 711 -199 174 -10 329 404 -813 182 -533 602 613 -713 -603 112 
23
-799 189 583 779 371 -914 -851 368 255 397 353 90 -964 515 129 -216 41 734 -828 721 -283 -247 -128 
87
-870 -800 -877 -893 -408 -689 492 419 597 458 -531 747 -391 -991 161 -837 -830 -995 -881 75 481 -937 662 97 783 689 210 -866 107 184 -897 -979 -156 -706 -619 -105 -291 -368 -153 438 -680 960 442 -1 278 -692 -168 993 269 584 -138 172 655 141 625 940 -551 964 -269 80 135 220 -73 459 549 -455 -804 89 569 29 -772 227 -713 -79 -2 -847 -365 -295 607 471 974 -635 234 31 291 792 771 
18
980 -276 -738 -335 -396 218 920 -816 232 -169 -604 -218 384 -974 923 997 -423 -972 
46
461 622 123 -385 -167 755 -323 138 376 881 -356 4 -553 -208 456 -297 -51 290 574 50 593 166 519 -761 -259 131 18 269 468 345 -540 87 -65 168 -3 903 -415 -408 -688 -755 -692 -697 -893 -812 611 -360 
29
659 3 -806 -993 -294 -602 -49 451 583 -722 218 -944 -858 296 892 163 -30 -917 -349 3 -47 -334 711 -983 830 51 643 236 702 
8
223 211 966 -519 786 -788 -701 -816 
93
-228 -695 -961 -209 -4 -497 -802 644 -202 -968 -219 321 -111 932 258 779 686 -879 763 168 757 525 190 -387 108 140 -710 648 257 -980 -634 -743 -383 -487 646 859 219 -678 966 945 688 -213 -213 19 -105 -352 699 -890 -977 767 52 -757 -996 -103 535 884 223 526 -874 -645 -226 -326 -287 -663 -603 -353 472 332 450 -401 -463 77 549 610 911 223 -356 540 292 96 -837 -269 -950 682 183 -248 -860 89 -25 -171 458 531 474 
48
-63 -802 673 -908 236 107 -168 414 -10 -676 -21 -880 -266 586 -228 -119 503 233 416 653 305 -281 -410 -521 219 -230 -346 512 994 -845 -945 -884 482 456 306 -952 428 -357 278 -301 668 834 56 934 -228 -540 276 -32 
8
906 -820 -470 855 -606 -557 -803 -811 
4
9 -68 265 950 
77
757 274 -550 -317 626 -941 -512 -157 -993 -480 343 -841 -231 -921 -355 -41 433 416 -949 -487 -619 77 -770 -549 -705 -584 -869 -679 -762 -619 -226 420 267 -55 316 -87 902 830 -170 -203 -456 -723 61 -65 920 386 766 12 -329 103 543 685 598 266 -2 -367 -836 -593 798 251 -33 -746 -306 -247 -187 -487 -22 301 -458 -628 458 903 883 435 120 -709 -220 
33
-265 -563 -62 -333 317 -485 887 554 560 708 871 -92 -131 389 559 -572 376 -955 -20 -625 -666 -958 -952 732 -725 -36 -57 -127 -591 -40 -427 796 425 
98
891 880 -719 253 766 -472 -284 -762 -111 244 -326 -425 271 -378 811 -951 774 457 598 -943 841 -181 -349 814 711 972 795 -652 -137 -379 -711 -238 147 -125 -927 818 -832 -690 -679 -849 926 327 809 670 56 345 -295 -342 164 -341 598 -150 655 535 894 640 -275 969 530 -260 -452 -554 858 -82 17 639 -246 533 -163 -140 37 -665 258 991 168 836 -842 -312 -702 -643 892 -156 -938 390 -318 788 276 -931 -468 -882 483 900 834 777 980 428 -622 -658 
33
516 119 -829 716 840 -969 -258 -972 159 863 -681 308 958 237 100 323 938 189 -645 679 985 956 409 -753 900 717 -455 138 -102 472 925 -270 -491 
16
-151 903 -864 -849 988 -215 -56 24 71 548 -381 528 338 892 342 587 
77
-360 623 110 408 641 -458 628 140 -838 750 49 -848 720 -464 -58 -892 -809 141 -845 307 -944 -556 -272 -302 -326 645 -904 192 -712 -483 253 -625 -169 611 -635 19 609 385 867 260 505 324 298 -567 -169 601 -938 789 671 -248 -695 375 518 383 -132 -802 -264 698 -37 -684 345 844 -119 -257 -685 288 -481 -952 -984 -67 -62 788 128 -489 -550 -717 241 
30
-818 -950 508 -681 755 644 989 -10 695 188 -402 536 -430 512 -627 -132 -186 -347 -889 -892 -568 -787 -504 -289 -185 970 757 -728 -275 825 
6
589 -898 -933 -179 -613 151 
58
-452 156 -356 201 -586 -585 882 -645 -26 585 -519 -687 -799 287 643 305 156 520 -621 -833 -43 518 -600 -818 -516 403 -290 285 -949 748 -524 557 -286 -745 933 705 -565 176 60 915 337 -289 748 624 864 -429 621 386 809 36 484 -872 924 63 -706 -379 -919 -216 
89
133 905 965 -615 -524 -848 260 526 27 275 662 895 635 -540 -190 70 225 -282 -177 -431 954 -4 -966 769 -711 219 -125 375 -111 -140 -737 -779 361 -780 848 47 678 -509 -299 961 665 -391 -136 663 282 589 735 -432 -159 -685 869 62 388 -369 -474 878 -940 -817 468 329 746 787 -766 -163 617 632 -594 -193 28 -855 -801 265 -113 -40 206 -849 -867 -190 -14 65 -299 -264 -310 -976 -77 -252 919 557 907 
78
308 181 -85 -850 553 752 650 161 777 -686 343 958 -178 792 951 686 374 -636 -44 990 -371 486 -57 79 -658 -969 629 -580 570 186 -160 -822 223 -952 486 -392 206 414 8 -277 658 709 180 489 39 712 369 -908 403 -791 829 693 -808 -424 328 597 511 -682 -36 -44 212 12 369 564 -656 842 878 -131 493 668 -345 450 344 986 -218 -623 708 204 
28
708 343 601 -91 522 405 -181 619 133 29 -926 770 -924 -478 -806 -406 385 22 708 -20 209 -451 783 -185 564 -582 686 380 
8
-178 -128 807 885 882 909 682 487 
63
992 800 114 995 981 431 277 -340 -966 29 865 819 -906 -403 -717 -966 -873 -539 -552 -644 465 -480 -455 -534 -529 -946 -518 -465 860 -318 -860 291 -227 205 -519 -652 608 -987 746 855 749 -367 -550 -38 814 820 485 185 -497 617 -669 766 884 961 937 97 -143 60 -663 -612 876 433 265 
13
615 215 -53 641 -142 -550 -425 -770 448 377 -612 16 -919 
97
548 -106 845 532 -196 114 600 404 609 209 -615 -72 -573 -556 354 -790 72 -789 251 -372 -850 -698 -281 -90 -54 -443 178 -352 842 341 342 -403 -827 -810 955 -824 25 -5 471 70 162 919 505 -168 411 -475 -570 368 -212 -361 18 461 738 213 -556 410 673 725 -758 893 -545 -985 -902 288 49 -58 -886 -684 -402 -562 -179 -617 -105 178 502 617 422 15 506 -814 -996 -493 -182 -760 -522 903 404 -419 691 -471 -6 281 267 153 -992 -311 -213 
1
419 
28
764 370 -266 926 -1 85 171 293 89 405 16 857 696 -468 854 -534 17 -861 431 -216 721 -553 692 942 333 -663 336 -496 
91
-285 878 257 242 735 390 -842 -997 -331 -101 -568 -508 -603 -295 412 735 -783 153 175 814 48 -784 -632 205 803 -152 937 -528 960 121 -437 962 -580 -984 626 847 -208 -812 -238 -546 816 -686 -589 -464 389 -184 518 -921 -13 -471 160 658 133 -484 -617 732 238 215 -680 -683 -861 -580 434 840 427 555 -292 -216 28 -710 -238 192 929 -596 26 30 350 -699 -526 886 -118 110 -550 877 -810 -260 -270 126 428 -916 60 
64
415 -681 -438 54 -789 420 408 -741 17 -506 188 269 389 -972 -614 -695 658 -375 689 333 25 734 -358 -496 985 -317 644 669 -49 -646 300 433 607 -332 901 122 -996 -984 -767 -366 774 726 -372 577 -218 58 190 86 -115 -418 -612 485 -565 -23 -689 -424 -90 678 751 798 180 -712 356 439 
8
-130 -836 -977 969 474 876 -86 82 
1
997 
57
203 280 17 -451 148 191 -213 860 -399 -208 -995 37 -298 -682 38 -999 175 262 -949 470 -647 -395 90 -522 -376 866 514 59 -353 875 -450 -371 18 806 578 358 624 -510 752 749 -883 81 767 -178 838 667 606 -328 -197 935 76 207 450 -382 -387 -907 555 
48
-726 454 -980 -411 -724 709 62 712 -601 440 -262 480 -417 -177 -899 771 566 -160 -945 -38 481 -609 487 -485 -520 588 -955 547 811 -860 -368 -958 -742 -320 578 -798 68 -172 -84 -196 983 -303 -855 -977 -352 -333 -166 753 
71
-247 -478 756 -310 -177 701 -359 869 -121 -752 -770 -197 449 -644 568 322 -230 -552 456 -803 -790 282 -340 -487 -667 -868 523 -153 888 -78 955 657 -256 -46 371 -136 106 -977 -503 605 -682 915 11 -377 938 873 811 306 111 -574 -890 121 -463 -373 807 420 692 -238 188 -535 414 106 380 -408 -36 261 549 -812 188 -940 -212 
50
-782 287 -144 -714 -187 -549 380 908 749 -23 -444 351 684 -655 -205 -533 113 -418 -950 -273 -18 -679 994 -103 856 461 594 -986 224 -19 -93 -814 637 -223 -880 780 337 -750 87 634 -194 -884 530 369 496 642 -330 573 -202 269 
100
-141 246 541 478 472 949 166 -419 -262 910 -358 514 399 473 -785 -399 -796 -749 -185 -494 410 -547 746 -177 -582 -639 -858 502 124 133 724 -672 118 288 923 -295 383 78 -165 -348 -391 -70 -892 211 -480 212 -909 -809 -963 -361 -406 -586 477 265 114 977 954 436 285 -994 945 74 645 -514 509 -290 -389 341 539 -276 -576 -845 -574 -369 -107 443 -87 -249 -244 -930 588 927 -182 378 172 605 760 -834 -718 114 557 -778 505 195 -554 -858 532 -901 926 262 
7
-632 -580 735 -895 976 142 794 
60
406 -286 -256 981 -618 -195 264 -407 -559 -607 166 92 825 -671 306 -472 -634 142 -948 990 237 69 -849 302 107 -813 540 652 -875 110 855 -920 -813 39 857 508 908 475 375 677 436 -773 761 96 -265 -32 -437 -7 518 -852 861 867 108 87 144 715 558 -630 -611 -838 
94
-80 312 -892 474 613 162 -368 -15 252 194 685 16 772 11 778 -291 921 427 802 998 703 -378 15 103 225 -984 772 655 490 -332 782 -636 458 763 -488 60 -204 -686 349 268 238 884 400 12 -825 -881 804 444 46 937 -90 930 -283 -479 11 -797 -297 -467 -300 -805 663 -105 -463 89 125 84 484 -740 -902 923 94 -323 933 -225 -802 -116 24 28 113 -429 -614 392 753 -454 -820 -687 -208 570 383 977 503 769 143 -88 
95
-624 -67 411 291 734 595 902 -113 -804 -650 900 -395 -36 790 -374 286 76 867 753 -354 605 305 758 908 772 419 -534 657 -973 567 30 -19 773 -90 -129 371 618 -542 -606 -103 98 -743 241 -708 740 -749 -714 338 -143 -641 -964 -947 -960 -163 -87 786 -593 645 -119 -549 178 -984 -488 -740 -877 918 50 338 594 352 -679 697 943 354 35 -316 596 326 -643 258 -740 -748 793 540 -504 -106 363 -930 628 -606 849 -823 -272 97 -458 
28
615 -587 -128 388 -398 467 -200 -510 -726 -896 -244 308 685 889 -28 -590 826 -618 -298 686 149 792 774 381 270 662 -89 -617 
88
-236 -691 -616 414 950 581 -565 153 7 978 731 130 327 -986 -913 -850 -113 758 -525 888 -706 791 121 401 77 -826 951 893 -175 -395 -698 -977 809 340 -609 -667 -392 -938 -185 157 -844 827 -122 -730 -75 949 767 -72 -273 -311 -304 570 -177 988 -152 583 727 -955 -297 -634 191 -901 767 342 -601 87 95 -65 -714 -693 777 761 -410 704 568 -44 840 -680 679 -300 518 -97 74 733 -610 -949 469 -855 
35
-462 285 467 646 83 -682 -891 218 262 740 -921 -646 950 -336 522 -601 825 723 -973 499 374 -922 -685 -727 -427 688 794 -729 -60 -3 -795 -999 -558 -169 306 
41
-516 -126 619 -111 461 151 192 830 -882 -851 810 594 -764 494 207 -821 -611 673 -275 332 87 217 -867 -446 798 -860 -829 -51 -261 165 188 741 548 11 -484 -599 -611 -590 829 -296 -854 
66
-502 -667 865 -354 240 765 8 -259 267 -357 -236 -22 373 -889 -122 481 360 -911 -836 -35 398 -39 -155 961 -45 738 411 -939 888 -464 509 245 426 738 804 -588 -63 140 -545 497 791 724 412 -281 174 -35 145 -528 -952 482 -351 561 -194 -896 -608 -843 727 -809 426 -439 -187 -466 650 -123 766 636 
20
993 791 420 390 431 -177 382 830 -972 -927 594 230 -145 477 -497 -288 -191 990 746 578 
38
883 260 140 -375 -681 -90 126 -234 -680 694 249 -123 939 -349 -557 -605 -882 150 752 -989 194 -927 -703 -956 240 158 518 700 -834 506 42 -743 937 -811 787 -670 -761 -308 
38
445 -42 -806 881 -500 207 563 -259 -289 716 988 -117 144 -103 884 789 -588 616 628 817 824 446 560 -200 -869 -561 680 257 -694 768 -453 -746 541 851 -516 -292 731 -608 
25
999 311 -8 904 -406 543 806 744 -707 61 818 -990 -813 218 27 -407 7 119 323 0 809 -840 597 -857 627 
51
802 -610 625 -172 155 -687 154 -534 60 -266 -977 -884 796 -672 961 861 -567 -301 943 880 226 -881 -346 250 688 659 -528 896 865 -538 379 149 749 471 -665 50 35 -495 990 -449 636 -649 -507 -955 562 712 551 -15 -384 140 -263 
56
-235 -800 927 -387 730 -528 -408 -838 -890 -900 -908 53 -525 -590 590 630 6 -425 276 383 63 142 521 505 -17 -453 991 -427 -709 528 889 -125 -381 335 649 -662 -722 -480 -207 260 -849 734 -945 593 94 -226 507 -759 -514 235 -797 -950 597 -141 292 71 
